/*********************************************
 * OPL 20.1.0.0 Data
 * Author: hamro
 * Creation Date: 16 janv. 2021 at 03:19:52
 *********************************************/

 	
Actifs=3;
R=1.011;
Rendements=[1.0101110,1.0043532,1.0137058];
alphaNumber = 5;
alphaValues=[0.95,0.96,0.97,0.98,0.99];

//cVarSeuil = [0.06,0.07,0.08,0.09,0.1];
//cVarSeuil = [0.09,0.1,0.11,0.12,0.14];
//cVarSeuil = [0.12,0.13,0.14,0.15,0.16];
cVarSeuil = [1,1.1,1.2,1.3,1.4];

bValues=[0.2,0.6,0.3];
s=1000;
yProbabilites=[[0.036, 0.93, 0.034], [0.366, 0.55, 0.084], [0.291, 0.359, 0.35], [0.491, 0.386, 0.123], [0.23, 0.258, 0.512], [0.565, 0.428, 0.007], [0.32, 0.154, 0.526], [0.369, 0.168, 0.463], [0.846, 0.005, 0.149], [0.177, 0.179, 0.644], [0.08, 0.385, 0.535], [0.35, 0.226, 0.424], [0.515, 0.368, 0.117], [0.514, 0.429, 0.057], [0.38, 0.231, 0.389], [0.076, 0.488, 0.436], [0.488, 0.326, 0.186], [0.277, 0.332, 0.391], [0.246, 0.666, 0.088], [0.447, 0.185, 0.368], [0.637, 0.343, 0.02], [0.074, 0.124, 0.802], [0.047, 0.515, 0.438], [0.178, 0.595, 0.227], [0.341, 0.49, 0.169], [0.287, 0.712, 0.001], [0.413, 0.356, 0.231], [0.093, 0.256, 0.651], [0.439, 0.333, 0.228], [0.376, 0.159, 0.465], [0.38, 0.116, 0.504], [0.384, 0.416, 0.2], [0.01, 0.84, 0.15], [0.339, 0.325, 0.336], [0.445, 0.053, 0.502], [0.279, 0.412, 0.309], [0.235, 0.086, 0.679], [0.11, 0.393, 0.497], [0.319, 0.366, 0.315], [0.446, 0.473, 0.081], [0.414, 0.367, 0.219], [0.507, 0.249, 0.244], [0.218, 0.403, 0.379], [0.023, 0.776, 0.201], [0.403, 0.369, 0.228], [0.837, 0.013, 0.15], [0.381, 0.541, 0.078], [0.513, 0.191, 0.296], [0.234, 0.233, 0.533], [0.079, 0.359, 0.562], [0.472, 0.124, 0.404], [0.008, 0.308, 0.684], [0.312, 0.46, 0.228], [0.394, 0.254, 0.352], [0.376, 0.321, 0.303], [0.14, 0.366, 0.494], [0.399, 0.016, 0.585], [0.308, 0.358, 0.334], [0.471, 0.035, 0.494], [0.293, 0.503, 0.204], [0.37, 0.184, 0.446], [0.129, 0.528, 0.343], [0.306, 0.194, 0.5], [0.31, 0.198, 0.492], [0.277, 0.175, 0.548], [0.173, 0.492, 0.335], [0.331, 0.112, 0.557], [0.301, 0.603, 0.096], [0.634, 0.178, 0.188], [0.257, 0.593, 0.15], [0.047, 0.271, 0.682], [0.086, 0.416, 0.498], [0.516, 0.09, 0.394], [0.3, 0.404, 0.296], [0.509, 0.23, 0.261], [0.022, 0.065, 0.913], [0.271, 0.513, 0.216], [0.562, 0.269, 0.169], [0.457, 0.196, 0.347], [0.255, 0.067, 0.678], [0.48, 0.148, 0.372], [0.718, 0.1, 0.182], [0.248, 0.6, 0.152], [0.439, 0.133, 0.428], [0.198, 0.437, 0.365], [0.201, 0.22, 0.579], [0.256, 0.067, 0.677], [0.442, 0.361, 0.197], [0.368, 0.269, 0.363], [0.16, 0.26, 0.58], [0.341, 0.647, 0.012], [0.461, 0.423, 0.116], [0.341, 0.092, 0.567], [0.514, 0.076, 0.41], [0.402, 0.303, 0.295], [0.35, 0.361, 0.289], [0.587, 0.384, 0.029], [0.5, 0.136, 0.364], [0.407, 0.374, 0.219], [0.091, 0.636, 0.273], [0.018, 0.777, 0.205], [0.407, 0.152, 0.441], [0.117, 0.205, 0.678], [0.46, 0.353, 0.187], [0.298, 0.214, 0.488], [0.567, 0.077, 0.356], [0.002, 0.784, 0.214], [0.491, 0.202, 0.307], [0.49, 0.208, 0.302], [0.266, 0.363, 0.371], [0.194, 0.388, 0.418], [0.279, 0.153, 0.568], [0.095, 0.487, 0.418], [0.225, 0.003, 0.772], [0.328, 0.35, 0.322], [0.399, 0.17, 0.431], [0.117, 0.148, 0.735], [0.16, 0.407, 0.433], [0.008, 0.507, 0.485], [0.461, 0.165, 0.374], [0.337, 0.105, 0.558], [0.163, 0.158, 0.679], [0.349, 0.416, 0.235], [0.302, 0.324, 0.374], [0.415, 0.326, 0.259], [0.155, 0.292, 0.553], [0.37, 0.023, 0.607], [0.238, 0.404, 0.358], [0.332, 0.435, 0.233], [0.534, 0.013, 0.453], [0.196, 0.193, 0.611], [0.124, 0.483, 0.393], [0.484, 0.226, 0.29], [0.124, 0.688, 0.188], [0.365, 0.347, 0.288], [0.545, 0.199, 0.256], [0.211, 0.569, 0.22], [0.25, 0.489, 0.261], [0.075, 0.452, 0.473], [0.359, 0.29, 0.351], [0.188, 0.405, 0.407], [0.438, 0.356, 0.206], [0.504, 0.332, 0.164], [0.243, 0.363, 0.394], [0.434, 0.11, 0.456], [0.45, 0.293, 0.257], [0.141, 0.381, 0.478], [0.443, 0.081, 0.476], [0.159, 0.192, 0.649], [0.415, 0.467, 0.118], [0.259, 0.453, 0.288], [0.448, 0.434, 0.118], [0.347, 0.345, 0.308], [0.9, 0.007, 0.093], [0.392, 0.354, 0.254], [0.377, 0.372, 0.251], [0.681, 0.159, 0.16], [0.416, 0.379, 0.205], [0.804, 0.174, 0.022], [0.342, 0.4, 0.258], [0.551, 0.168, 0.281], [0.401, 0.44, 0.159], [0.416, 0.473, 0.111], [0.003, 0.464, 0.533], [0.411, 0.222, 0.367], [0.344, 0.2, 0.456], [0.187, 0.535, 0.278], [0.122, 0.611, 0.267], [0.081, 0.475, 0.444], [0.263, 0.261, 0.476], [0.188, 0.502, 0.31], [0.691, 0.255, 0.054], [0.169, 0.544, 0.287], [0.51, 0.347, 0.143], [0.151, 0.653, 0.196], [0.385, 0.389, 0.226], [0.382, 0.037, 0.581], [0.451, 0.469, 0.08], [0.757, 0.225, 0.018], [0.347, 0.548, 0.105], [0.152, 0.343, 0.505], [0.165, 0.684, 0.151], [0.494, 0.062, 0.444], [0.293, 0.468, 0.239], [0.371, 0.444, 0.185], [0.509, 0.153, 0.338], [0.367, 0.163, 0.47], [0.042, 0.575, 0.383], [0.359, 0.336, 0.305], [0.391, 0.308, 0.301], [0.503, 0.073, 0.424], [0.15, 0.448, 0.402], [0.357, 0.275, 0.368], [0.086, 0.672, 0.242], [0.32, 0.175, 0.505], [0.41, 0.289, 0.301], [0.324, 0.471, 0.205], [0.099, 0.396, 0.505], [0.145, 0.835, 0.02], [0.552, 0.292, 0.156], [0.222, 0.258, 0.52], [0.428, 0.501, 0.071], [0.193, 0.45, 0.357], [0.207, 0.346, 0.447], [0.475, 0.035, 0.49], [0.259, 0.244, 0.497], [0.521, 0.157, 0.322], [0.426, 0.119, 0.455], [0.406, 0.399, 0.195], [0.511, 0.376, 0.113], [0.534, 0.192, 0.274], [0.362, 0.079, 0.559], [0.141, 0.741, 0.118], [0.406, 0.165, 0.429], [0.179, 0.359, 0.462], [0.068, 0.365, 0.567], [0.347, 0.356, 0.297], [0.0, 0.737, 0.263], [0.299, 0.343, 0.358], [0.008, 0.527, 0.465], [0.452, 0.301, 0.247], [0.022, 0.777, 0.201], [0.259, 0.4, 0.341], [0.537, 0.411, 0.052], [0.244, 0.44, 0.316], [0.557, 0.429, 0.014], [0.313, 0.131, 0.556], [0.614, 0.311, 0.075], [0.107, 0.474, 0.419], [0.125, 0.233, 0.642], [0.482, 0.304, 0.214], [0.074, 0.4, 0.526], [0.389, 0.55, 0.061], [0.347, 0.402, 0.251], [0.417, 0.02, 0.563], [0.26, 0.299, 0.441], [0.568, 0.388, 0.044], [0.256, 0.354, 0.39], [0.337, 0.401, 0.262], [0.263, 0.444, 0.293], [0.362, 0.322, 0.316], [0.388, 0.06, 0.552], [0.036, 0.609, 0.355], [0.377, 0.234, 0.389], [0.513, 0.339, 0.148], [0.099, 0.453, 0.448], [0.176, 0.42, 0.404], [0.218, 0.749, 0.033], [0.413, 0.52, 0.067], [0.176, 0.243, 0.581], [0.255, 0.456, 0.289], [0.044, 0.917, 0.039], [0.668, 0.237, 0.095], [0.11, 0.235, 0.655], [0.277, 0.038, 0.685], [0.363, 0.235, 0.402], [0.399, 0.551, 0.05], [0.258, 0.726, 0.016], [0.461, 0.535, 0.004], [0.354, 0.408, 0.238], [0.192, 0.3, 0.508], [0.503, 0.377, 0.12], [0.255, 0.421, 0.324], [0.607, 0.17, 0.223], [0.502, 0.07, 0.428], [0.633, 0.158, 0.209], [0.319, 0.113, 0.568], [0.338, 0.516, 0.146], [0.38, 0.261, 0.359], [0.561, 0.031, 0.408], [0.55, 0.106, 0.344], [0.23, 0.224, 0.546], [0.578, 0.325, 0.097], [0.401, 0.176, 0.423], [0.41, 0.136, 0.454], [0.325, 0.298, 0.377], [0.073, 0.417, 0.51], [0.46, 0.448, 0.092], [0.407, 0.152, 0.441], [0.455, 0.127, 0.418], [0.709, 0.056, 0.235], [0.225, 0.407, 0.368], [0.592, 0.326, 0.082], [0.049, 0.485, 0.466], [0.546, 0.274, 0.18], [0.159, 0.365, 0.476], [0.236, 0.387, 0.377], [0.525, 0.139, 0.336], [0.376, 0.235, 0.389], [0.433, 0.354, 0.213], [0.126, 0.233, 0.641], [0.34, 0.425, 0.235], [0.165, 0.334, 0.501], [0.357, 0.434, 0.209], [0.583, 0.249, 0.168], [0.335, 0.395, 0.27], [0.306, 0.373, 0.321], [0.049, 0.27, 0.681], [0.305, 0.296, 0.399], [0.449, 0.327, 0.224], [0.204, 0.754, 0.042], [0.498, 0.149, 0.353], [0.252, 0.396, 0.352], [0.14, 0.327, 0.533], [0.027, 0.818, 0.155], [0.393, 0.361, 0.246], [0.462, 0.456, 0.082], [0.18, 0.662, 0.158], [0.514, 0.271, 0.215], [0.608, 0.359, 0.033], [0.426, 0.552, 0.022], [0.661, 0.08, 0.259], [0.413, 0.412, 0.175], [0.07, 0.336, 0.594], [0.305, 0.536, 0.159], [0.44, 0.087, 0.473], [0.307, 0.377, 0.316], [0.502, 0.158, 0.34], [0.72, 0.054, 0.226], [0.347, 0.437, 0.216], [0.074, 0.413, 0.513], [0.206, 0.338, 0.456], [0.116, 0.441, 0.443], [0.336, 0.391, 0.273], [0.225, 0.448, 0.327], [0.106, 0.495, 0.399], [0.59, 0.324, 0.086], [0.045, 0.368, 0.587], [0.346, 0.437, 0.217], [0.081, 0.477, 0.442], [0.087, 0.472, 0.441], [0.104, 0.371, 0.525], [0.144, 0.39, 0.466], [0.6, 0.159, 0.241], [0.322, 0.35, 0.328], [0.266, 0.722, 0.012], [0.466, 0.259, 0.275], [0.406, 0.199, 0.395], [0.34, 0.376, 0.284], [0.009, 0.583, 0.408], [0.196, 0.151, 0.653], [0.167, 0.644, 0.189], [0.509, 0.128, 0.363], [0.558, 0.021, 0.421], [0.701, 0.286, 0.013], [0.466, 0.005, 0.529], [0.575, 0.395, 0.03], [0.407, 0.442, 0.151], [0.111, 0.223, 0.666], [0.451, 0.186, 0.363], [0.275, 0.191, 0.534], [0.094, 0.614, 0.292], [0.395, 0.357, 0.248], [0.159, 0.48, 0.361], [0.262, 0.446, 0.292], [0.331, 0.436, 0.233], [0.259, 0.664, 0.077], [0.374, 0.27, 0.356], [0.362, 0.236, 0.402], [0.346, 0.335, 0.319], [0.222, 0.305, 0.473], [0.246, 0.424, 0.33], [0.296, 0.346, 0.358], [0.281, 0.347, 0.372], [0.248, 0.405, 0.347], [0.554, 0.308, 0.138], [0.303, 0.608, 0.089], [0.445, 0.352, 0.203], [0.212, 0.581, 0.207], [0.262, 0.488, 0.25], [0.187, 0.193, 0.62], [0.313, 0.454, 0.233], [0.175, 0.495, 0.33], [0.158, 0.493, 0.349], [0.801, 0.125, 0.074], [0.376, 0.393, 0.231], [0.239, 0.485, 0.276], [0.212, 0.151, 0.637], [0.367, 0.461, 0.172], [0.454, 0.394, 0.152], [0.377, 0.073, 0.55], [0.557, 0.236, 0.207], [0.541, 0.051, 0.408], [0.293, 0.489, 0.218], [0.203, 0.213, 0.584], [0.113, 0.52, 0.367], [0.388, 0.349, 0.263], [0.734, 0.171, 0.095], [0.659, 0.046, 0.295], [0.822, 0.127, 0.051], [0.279, 0.277, 0.444], [0.057, 0.729, 0.214], [0.358, 0.41, 0.232], [0.627, 0.036, 0.337], [0.39, 0.081, 0.529], [0.36, 0.36, 0.28], [0.067, 0.397, 0.536], [0.325, 0.539, 0.136], [0.434, 0.134, 0.432], [0.617, 0.221, 0.162], [0.45, 0.156, 0.394], [0.257, 0.155, 0.588], [0.284, 0.336, 0.38], [0.167, 0.461, 0.372], [0.316, 0.429, 0.255], [0.018, 0.147, 0.835], [0.251, 0.306, 0.443], [0.622, 0.041, 0.337], [0.378, 0.275, 0.347], [0.74, 0.217, 0.043], [0.163, 0.442, 0.395], [0.391, 0.299, 0.31], [0.533, 0.037, 0.43], [0.345, 0.285, 0.37], [0.259, 0.522, 0.219], [0.767, 0.117, 0.116], [0.622, 0.181, 0.197], [0.149, 0.402, 0.449], [0.157, 0.764, 0.079], [0.511, 0.019, 0.47], [0.078, 0.523, 0.399], [0.298, 0.406, 0.296], [0.422, 0.319, 0.259], [0.515, 0.368, 0.117], [0.457, 0.439, 0.104], [0.435, 0.433, 0.132], [0.074, 0.683, 0.243], [0.394, 0.232, 0.374], [0.319, 0.4, 0.281], [0.414, 0.326, 0.26], [0.395, 0.412, 0.193], [0.246, 0.434, 0.32], [0.266, 0.222, 0.512], [0.319, 0.079, 0.602], [0.576, 0.025, 0.399], [0.294, 0.107, 0.599], [0.45, 0.51, 0.04], [0.625, 0.254, 0.121], [0.535, 0.17, 0.295], [0.289, 0.536, 0.175], [0.483, 0.052, 0.465], [0.309, 0.285, 0.406], [0.342, 0.299, 0.359], [0.031, 0.535, 0.434], [0.332, 0.359, 0.309], [0.086, 0.59, 0.324], [0.108, 0.477, 0.415], [0.139, 0.083, 0.778], [0.471, 0.25, 0.279], [0.216, 0.342, 0.442], [0.543, 0.262, 0.195], [0.524, 0.035, 0.441], [0.456, 0.129, 0.415], [0.097, 0.563, 0.34], [0.498, 0.166, 0.336], [0.299, 0.29, 0.411], [0.472, 0.12, 0.408], [0.31, 0.356, 0.334], [0.062, 0.446, 0.492], [0.193, 0.341, 0.466], [0.265, 0.364, 0.371], [0.431, 0.306, 0.263], [0.062, 0.819, 0.119], [0.176, 0.45, 0.374], [0.227, 0.493, 0.28], [0.32, 0.386, 0.294], [0.541, 0.171, 0.288], [0.126, 0.444, 0.43], [0.633, 0.281, 0.086], [0.551, 0.401, 0.048], [0.347, 0.621, 0.032], [0.443, 0.453, 0.104], [0.386, 0.384, 0.23], [0.135, 0.757, 0.108], [0.437, 0.42, 0.143], [0.451, 0.07, 0.479], [0.338, 0.254, 0.408], [0.464, 0.221, 0.315], [0.353, 0.189, 0.458], [0.394, 0.371, 0.235], [0.412, 0.353, 0.235], [0.341, 0.395, 0.264], [0.347, 0.171, 0.482], [0.536, 0.058, 0.406], [0.09, 0.41, 0.5], [0.146, 0.431, 0.423], [0.449, 0.156, 0.395], [0.186, 0.493, 0.321], [0.323, 0.337, 0.34], [0.113, 0.271, 0.616], [0.048, 0.324, 0.628], [0.45, 0.147, 0.403], [0.534, 0.448, 0.018], [0.392, 0.138, 0.47], [0.322, 0.678, 0.0], [0.298, 0.432, 0.27], [0.386, 0.285, 0.329], [0.326, 0.637, 0.037], [0.355, 0.416, 0.229], [0.552, 0.165, 0.283], [0.546, 0.096, 0.358], [0.105, 0.307, 0.588], [0.617, 0.19, 0.193], [0.148, 0.683, 0.169], [0.403, 0.333, 0.264], [0.103, 0.454, 0.443], [0.495, 0.4, 0.105], [0.186, 0.071, 0.743], [0.174, 0.476, 0.35], [0.089, 0.397, 0.514], [0.3, 0.306, 0.394], [0.253, 0.678, 0.069], [0.278, 0.468, 0.254], [0.148, 0.759, 0.093], [0.399, 0.466, 0.135], [0.445, 0.31, 0.245], [0.393, 0.283, 0.324], [0.372, 0.371, 0.257], [0.29, 0.521, 0.189], [0.41, 0.246, 0.344], [0.334, 0.311, 0.355], [0.314, 0.119, 0.567], [0.656, 0.172, 0.172], [0.409, 0.228, 0.363], [0.214, 0.414, 0.372], [0.566, 0.07, 0.364], [0.232, 0.301, 0.467], [0.397, 0.2, 0.403], [0.352, 0.237, 0.411], [0.237, 0.04, 0.723], [0.51, 0.125, 0.365], [0.173, 0.572, 0.255], [0.081, 0.515, 0.404], [0.037, 0.402, 0.561], [0.284, 0.397, 0.319], [0.264, 0.429, 0.307], [0.478, 0.035, 0.487], [0.108, 0.731, 0.161], [0.136, 0.478, 0.386], [0.439, 0.212, 0.349], [0.067, 0.27, 0.663], [0.297, 0.114, 0.589], [0.407, 0.454, 0.139], [0.482, 0.329, 0.189], [0.187, 0.692, 0.121], [0.618, 0.185, 0.197], [0.244, 0.248, 0.508], [0.226, 0.23, 0.544], [0.296, 0.322, 0.382], [0.433, 0.481, 0.086], [0.321, 0.345, 0.334], [0.388, 0.111, 0.501], [0.445, 0.547, 0.008], [0.449, 0.343, 0.208], [0.223, 0.5, 0.277], [0.255, 0.42, 0.325], [0.394, 0.236, 0.37], [0.025, 0.222, 0.753], [0.434, 0.398, 0.168], [0.46, 0.16, 0.38], [0.377, 0.176, 0.447], [0.158, 0.236, 0.606], [0.182, 0.324, 0.494], [0.391, 0.191, 0.418], [0.091, 0.425, 0.484], [0.468, 0.114, 0.418], [0.632, 0.153, 0.215], [0.514, 0.106, 0.38], [0.07, 0.814, 0.116], [0.354, 0.294, 0.352], [0.118, 0.563, 0.319], [0.61, 0.079, 0.311], [0.326, 0.257, 0.417], [0.384, 0.188, 0.428], [0.271, 0.666, 0.063], [0.359, 0.177, 0.464], [0.097, 0.682, 0.221], [0.3, 0.296, 0.404], [0.364, 0.452, 0.184], [0.401, 0.198, 0.401], [0.078, 0.591, 0.331], [0.405, 0.266, 0.329], [0.05, 0.642, 0.308], [0.341, 0.44, 0.219], [0.066, 0.465, 0.469], [0.135, 0.288, 0.577], [0.353, 0.319, 0.328], [0.068, 0.542, 0.39], [0.411, 0.371, 0.218], [0.494, 0.365, 0.141], [0.131, 0.19, 0.679], [0.292, 0.207, 0.501], [0.38, 0.261, 0.359], [0.431, 0.226, 0.343], [0.155, 0.463, 0.382], [0.23, 0.473, 0.297], [0.148, 0.405, 0.447], [0.64, 0.308, 0.052], [0.213, 0.71, 0.077], [0.158, 0.607, 0.235], [0.129, 0.39, 0.481], [0.248, 0.521, 0.231], [0.76, 0.019, 0.221], [0.148, 0.51, 0.342], [0.388, 0.489, 0.123], [0.343, 0.323, 0.334], [0.306, 0.604, 0.09], [0.207, 0.068, 0.725], [0.425, 0.469, 0.106], [0.685, 0.098, 0.217], [0.4, 0.297, 0.303], [0.39, 0.233, 0.377], [0.187, 0.526, 0.287], [0.216, 0.235, 0.549], [0.2, 0.473, 0.327], [0.359, 0.394, 0.247], [0.356, 0.229, 0.415], [0.726, 0.259, 0.015], [0.2, 0.079, 0.721], [0.275, 0.607, 0.118], [0.518, 0.476, 0.006], [0.523, 0.432, 0.045], [0.68, 0.152, 0.168], [0.489, 0.223, 0.288], [0.3, 0.274, 0.426], [0.32, 0.455, 0.225], [0.203, 0.422, 0.375], [0.326, 0.331, 0.343], [0.383, 0.205, 0.412], [0.293, 0.106, 0.601], [0.214, 0.261, 0.525], [0.426, 0.428, 0.146], [0.15, 0.575, 0.275], [0.128, 0.454, 0.418], [0.311, 0.373, 0.316], [0.268, 0.715, 0.017], [0.324, 0.189, 0.487], [0.061, 0.42, 0.519], [0.195, 0.328, 0.477], [0.086, 0.414, 0.5], [0.379, 0.308, 0.313], [0.32, 0.312, 0.368], [0.175, 0.44, 0.385], [0.582, 0.196, 0.222], [0.439, 0.521, 0.04], [0.259, 0.237, 0.504], [0.223, 0.372, 0.405], [0.183, 0.465, 0.352], [0.024, 0.274, 0.702], [0.688, 0.182, 0.13], [0.27, 0.362, 0.368], [0.262, 0.155, 0.583], [0.413, 0.445, 0.142], [0.211, 0.525, 0.264], [0.435, 0.355, 0.21], [0.276, 0.457, 0.267], [0.463, 0.17, 0.367], [0.419, 0.47, 0.111], [0.587, 0.068, 0.345], [0.26, 0.152, 0.588], [0.163, 0.369, 0.468], [0.725, 0.116, 0.159], [0.406, 0.314, 0.28], [0.525, 0.382, 0.093], [0.096, 0.154, 0.75], [0.385, 0.078, 0.537], [0.763, 0.008, 0.229], [0.167, 0.447, 0.386], [0.343, 0.333, 0.324], [0.674, 0.005, 0.321], [0.354, 0.265, 0.381], [0.108, 0.481, 0.411], [0.06, 0.451, 0.489], [0.181, 0.024, 0.795], [0.344, 0.319, 0.337], [0.384, 0.508, 0.108], [0.126, 0.405, 0.469], [0.058, 0.676, 0.266], [0.379, 0.143, 0.478], [0.005, 0.575, 0.42], [0.151, 0.622, 0.227], [0.143, 0.137, 0.72], [0.484, 0.055, 0.461], [0.253, 0.647, 0.1], [0.179, 0.309, 0.512], [0.162, 0.513, 0.325], [0.272, 0.357, 0.371], [0.419, 0.388, 0.193], [0.608, 0.023, 0.369], [0.366, 0.251, 0.383], [0.628, 0.339, 0.033], [0.444, 0.027, 0.529], [0.663, 0.085, 0.252], [0.498, 0.113, 0.389], [0.477, 0.499, 0.024], [0.194, 0.61, 0.196], [0.713, 0.039, 0.248], [0.043, 0.51, 0.447], [0.289, 0.403, 0.308], [0.408, 0.05, 0.542], [0.126, 0.327, 0.547], [0.136, 0.413, 0.451], [0.448, 0.545, 0.007], [0.362, 0.352, 0.286], [0.505, 0.455, 0.04], [0.37, 0.2, 0.43], [0.67, 0.208, 0.122], [0.254, 0.229, 0.517], [0.106, 0.485, 0.409], [0.195, 0.459, 0.346], [0.29, 0.176, 0.534], [0.382, 0.204, 0.414], [0.111, 0.499, 0.39], [0.436, 0.365, 0.199], [0.393, 0.311, 0.296], [0.358, 0.203, 0.439], [0.421, 0.365, 0.214], [0.209, 0.612, 0.179], [0.378, 0.361, 0.261], [0.39, 0.153, 0.457], [0.384, 0.491, 0.125], [0.335, 0.467, 0.198], [0.335, 0.177, 0.488], [0.014, 0.455, 0.531], [0.258, 0.492, 0.25], [0.229, 0.421, 0.35], [0.042, 0.615, 0.343], [0.178, 0.508, 0.314], [0.365, 0.342, 0.293], [0.506, 0.485, 0.009], [0.132, 0.485, 0.383], [0.22, 0.641, 0.139], [0.475, 0.372, 0.153], [0.505, 0.08, 0.415], [0.3, 0.321, 0.379], [0.025, 0.409, 0.566], [0.482, 0.166, 0.352], [0.387, 0.175, 0.438], [0.317, 0.327, 0.356], [0.161, 0.817, 0.022], [0.452, 0.213, 0.335], [0.42, 0.184, 0.396], [0.047, 0.588, 0.365], [0.211, 0.416, 0.373], [0.107, 0.453, 0.44], [0.438, 0.307, 0.255], [0.572, 0.011, 0.417], [0.087, 0.112, 0.801], [0.407, 0.468, 0.125], [0.318, 0.475, 0.207], [0.003, 0.431, 0.566], [0.333, 0.275, 0.392], [0.162, 0.165, 0.673], [0.572, 0.024, 0.404], [0.457, 0.396, 0.147], [0.124, 0.82, 0.056], [0.253, 0.396, 0.351], [0.646, 0.244, 0.11], [0.518, 0.376, 0.106], [0.71, 0.03, 0.26], [0.406, 0.074, 0.52], [0.182, 0.272, 0.546], [0.613, 0.298, 0.089], [0.131, 0.081, 0.788], [0.114, 0.067, 0.819], [0.255, 0.251, 0.494], [0.222, 0.523, 0.255], [0.536, 0.087, 0.377], [0.106, 0.73, 0.164], [0.419, 0.072, 0.509], [0.442, 0.186, 0.372], [0.396, 0.245, 0.359], [0.348, 0.035, 0.617], [0.296, 0.274, 0.43], [0.352, 0.422, 0.226], [0.647, 0.189, 0.164], [0.439, 0.449, 0.112], [0.129, 0.444, 0.427], [0.646, 0.177, 0.177], [0.407, 0.384, 0.209], [0.436, 0.035, 0.529], [0.784, 0.048, 0.168], [0.547, 0.44, 0.013], [0.517, 0.017, 0.466], [0.215, 0.418, 0.367], [0.248, 0.404, 0.348], [0.601, 0.22, 0.179], [0.001, 0.279, 0.72], [0.012, 0.046, 0.942], [0.596, 0.047, 0.357], [0.653, 0.331, 0.016], [0.5, 0.364, 0.136], [0.908, 0.009, 0.083], [0.284, 0.527, 0.189], [0.403, 0.336, 0.261], [0.014, 0.812, 0.174], [0.31, 0.37, 0.32], [0.273, 0.455, 0.272], [0.144, 0.224, 0.632], [0.362, 0.5, 0.138], [0.562, 0.247, 0.191], [0.064, 0.473, 0.463], [0.304, 0.451, 0.245], [0.381, 0.178, 0.441], [0.24, 0.273, 0.487], [0.312, 0.289, 0.399], [0.478, 0.128, 0.394], [0.466, 0.352, 0.182], [0.033, 0.506, 0.461], [0.054, 0.595, 0.351], [0.329, 0.426, 0.245], [0.335, 0.427, 0.238], [0.305, 0.348, 0.347], [0.432, 0.499, 0.069], [0.467, 0.017, 0.516], [0.425, 0.423, 0.152], [0.001, 0.513, 0.486], [0.699, 0.294, 0.007], [0.387, 0.534, 0.079], [0.307, 0.428, 0.265], [0.232, 0.449, 0.319], [0.531, 0.334, 0.135], [0.235, 0.671, 0.094], [0.557, 0.402, 0.041], [0.333, 0.354, 0.313], [0.301, 0.17, 0.529], [0.31, 0.215, 0.475], [0.629, 0.15, 0.221], [0.521, 0.243, 0.236], [0.067, 0.393, 0.54], [0.459, 0.532, 0.009], [0.277, 0.286, 0.437], [0.247, 0.307, 0.446], [0.366, 0.26, 0.374], [0.304, 0.142, 0.554], [0.145, 0.485, 0.37], [0.236, 0.566, 0.198], [0.294, 0.376, 0.33], [0.275, 0.698, 0.027], [0.492, 0.059, 0.449], [0.244, 0.393, 0.363], [0.334, 0.382, 0.284], [0.29, 0.292, 0.418], [0.298, 0.385, 0.317], [0.039, 0.809, 0.152], [0.417, 0.21, 0.373], [0.569, 0.221, 0.21], [0.223, 0.407, 0.37], [0.595, 0.123, 0.282], [0.218, 0.711, 0.071], [0.075, 0.682, 0.243], [0.086, 0.653, 0.261], [0.48, 0.318, 0.202], [0.389, 0.297, 0.314], [0.292, 0.463, 0.245], [0.536, 0.183, 0.281], [0.1, 0.425, 0.475], [0.026, 0.455, 0.519], [0.219, 0.366, 0.415], [0.53, 0.461, 0.009], [0.387, 0.246, 0.367], [0.023, 0.611, 0.366], [0.498, 0.177, 0.325], [0.822, 0.108, 0.07], [0.426, 0.248, 0.326], [0.03, 0.455, 0.515], [0.2, 0.114, 0.686], [0.008, 0.339, 0.653], [0.249, 0.347, 0.404], [0.328, 0.356, 0.316], [0.253, 0.677, 0.07], [0.31, 0.389, 0.301], [0.274, 0.336, 0.39], [0.168, 0.467, 0.365], [0.021, 0.56, 0.419], [0.078, 0.496, 0.426], [0.467, 0.533, 0.0], [0.376, 0.149, 0.475], [0.689, 0.068, 0.243], [0.4, 0.252, 0.348], [0.436, 0.286, 0.278], [0.4, 0.553, 0.047], [0.268, 0.362, 0.37], [0.406, 0.529, 0.065], [0.427, 0.219, 0.354], [0.168, 0.239, 0.593], [0.416, 0.407, 0.177], [0.064, 0.352, 0.584], [0.395, 0.237, 0.368], [0.154, 0.284, 0.562], [0.333, 0.301, 0.366], [0.43, 0.173, 0.397], [0.077, 0.434, 0.489], [0.054, 0.288, 0.658], [0.338, 0.352, 0.31], [0.421, 0.349, 0.23], [0.089, 0.294, 0.617], [0.121, 0.411, 0.468], [0.161, 0.284, 0.555], [0.452, 0.246, 0.302], [0.583, 0.279, 0.138], [0.486, 0.312, 0.202], [0.247, 0.389, 0.364], [0.098, 0.695, 0.207], [0.26, 0.368, 0.372], [0.558, 0.398, 0.044], [0.387, 0.089, 0.524], [0.478, 0.285, 0.237], [0.027, 0.554, 0.419], [0.651, 0.186, 0.163], [0.397, 0.137, 0.466], [0.35, 0.443, 0.207], [0.146, 0.742, 0.112], [0.288, 0.463, 0.249], [0.707, 0.124, 0.169], [0.242, 0.601, 0.157], [0.106, 0.333, 0.561], [0.334, 0.152, 0.514], [0.175, 0.401, 0.424], [0.51, 0.167, 0.323], [0.225, 0.278, 0.497], [0.582, 0.237, 0.181], [0.417, 0.316, 0.267], [0.086, 0.233, 0.681], [0.39, 0.237, 0.373], [0.206, 0.663, 0.131], [0.376, 0.176, 0.448], [0.319, 0.275, 0.406], [0.004, 0.326, 0.67], [0.05, 0.458, 0.492], [0.265, 0.048, 0.687], [0.439, 0.1, 0.461], [0.347, 0.519, 0.134], [0.171, 0.435, 0.394], [0.074, 0.516, 0.41], [0.137, 0.538, 0.325], [0.344, 0.29, 0.366], [0.45, 0.303, 0.247], [0.187, 0.172, 0.641], [0.522, 0.206, 0.272], [0.15, 0.779, 0.071], [0.353, 0.581, 0.066], [0.265, 0.446, 0.289], [0.066, 0.146, 0.788], [0.159, 0.383, 0.458], [0.304, 0.259, 0.437], [0.453, 0.09, 0.457], [0.363, 0.434, 0.203], [0.401, 0.049, 0.55], [0.122, 0.153, 0.725], [0.167, 0.35, 0.483], [0.207, 0.503, 0.29], [0.485, 0.234, 0.281], [0.217, 0.226, 0.557], [0.136, 0.441, 0.423], [0.292, 0.194, 0.514], [0.378, 0.264, 0.358], [0.415, 0.454, 0.131], [0.423, 0.228, 0.349], [0.255, 0.392, 0.353], [0.514, 0.145, 0.341], [0.529, 0.04, 0.431], [0.326, 0.663, 0.011], [0.322, 0.479, 0.199], [0.468, 0.291, 0.241], [0.112, 0.288, 0.6], [0.286, 0.448, 0.266], [0.046, 0.383, 0.571], [0.543, 0.121, 0.336], [0.238, 0.685, 0.077], [0.484, 0.369, 0.147], [0.145, 0.265, 0.59], [0.044, 0.23, 0.726], [0.016, 0.65, 0.334], [0.291, 0.416, 0.293], [0.072, 0.314, 0.614], [0.411, 0.017, 0.572], [0.207, 0.24, 0.553], [0.887, 0.004, 0.109], [0.357, 0.435, 0.208], [0.395, 0.141, 0.464], [0.333, 0.284, 0.383], [0.403, 0.156, 0.441], [0.34, 0.287, 0.373], [0.181, 0.571, 0.248], [0.907, 0.018, 0.075], [0.421, 0.542, 0.037], [0.334, 0.235, 0.431], [0.077, 0.466, 0.457], [0.429, 0.479, 0.092], [0.367, 0.125, 0.508], [0.258, 0.287, 0.455], [0.502, 0.007, 0.491], [0.054, 0.44, 0.506], [0.433, 0.254, 0.313], [0.137, 0.38, 0.483], [0.25, 0.425, 0.325], [0.561, 0.105, 0.334], [0.09, 0.566, 0.344]];
  